Function,"Symbol, Signal, Signal Date/Price[$]",Exit Signal Date/Price[$],Current Mark to Market and Holding Period,"Win Rate [%], History Tested, Number of Trades","Interval, Confirmation Status",Cancellation Level/Date,"Current Trading Date/Price[$], Current Price vs Signal",Trading Days between Signal and Current Date,"Sigmashell, Success Rate of Past Analysis [%]","Divergence observed with, Signal Type",Maxima Broken Date/Price[$],"Track Level/Price($), Price on Latest Trading day vs Track Level, Signal Type","Reference Upmove or Downmove start Date/Price($), end Date/Price($)",% Change in Price on Latest Trading day vs Price on Trendpulse Breakout day/Earliest Unconfirmed Signal day/Confirmed Signal day,Backtested Returns(Win Trades) [%] (Max/Min/Avg),"Backtested Max Loss [%], Backtested Min Single MTM during Hold Period [%]",Backtested Holding Period(Win Trades) (days) (Max/Min/Avg),Target Exit Date(Win Trades) (Max/Min/Avg.),Backtested Strategy CAGR [%],CAGR of Buy and Hold [%],CAGR difference (Strategy - Buy and Hold) [%],Backtested Strategy Sharpe Ratio,Sharpe Ratio of Buy and Hold,Targets (Historic Rise or Fall to Pivot/Avg % Gain of Historic Winning trades/Exit Rule/Horizontal/F-Stack 1/F-Stack 2/EMA 200) [$],Support (Recent Extrema/Horizontal/F-Stack 1/F-Stack 2/F-Track 1/F-Track 2/EMA 200) [$],Latest Past 6 Months Performance[%]/No. of Analysed Trades/Avg Holding Period (days) (Across ALL Assets),Forward Testing Win Rate[%]/No. of Analysed Trades/Avg Holding Period (days) (Across ALL Assets)
FRACTAL TRACK,"UBER, Long, 2025-12-23 (Price: 80.97)",No Exit Yet,"0.0%, 0 days","100.0%, Past 5 years, 23","Daily, is CONFIRMED on 2025-12-23",Already confirmed,"2025-12-23 (Price: 80.97), 0.0% below",0 days,No Information,No Information,No Information,"38.2% (Price: 78.3442), 3.35% above, Upmove Bounce Back","2023-10-26 (Price: 40.09), 2025-09-22 (Price: 101.99)",No Information,15.06%/0.66%/9.9%,"-0.0%, 57.74%",2.4 years/4 days/4.7 months,2029-05-27/2025-12-28/2026-07-15,33.14%,7.1%,26.04%,1.78,0.39,83.3181/88.986/118.11/82.12/103.1697/130.9341/87.71,79.14/34.6025/71.0872/No support/78.415/72.8513/No EMA 200 Support,95.82%/359/0 days (Across ALL Assets),56.14%/57/0 days (Across ALL Assets)
OSCILLATOR DELTA,"XLU, Long, 2025-12-23 (Price: 42.62)",No Exit Yet,"0.0%, 0 days","80.0%, Past 6 years, 15","Daily, is Confirmed on 2025-12-23",No Cancellation Possible,"2025-12-23 (Price: 42.62), 0.0% below",0 days,No Information,No Information,No Information,No Information,No Information,No Information,27.15%/5.01%/9.1%,"11.19%, 14.07%",7.7 months/10 days/2.6 months,2026-11-22/2026-01-06/2026-04-14,16.95%,4.29%,12.66%,0.47,0.2,45.271/46.4984/46.88/No Horizontal Resistance/60.8844/89.6256/No EMA 200 Target,No Recent Minima/29.6267/32.1431/25.3581/42.5398/41.1975/41.92,81.76%/159/0 days (Across ALL Assets),67.13%/362/0 days (Across ALL Assets)
TRENDPULSE,"WPM.TO, Long, 2025-12-22 (Price: 168.04)",No Exit Yet,"0.08%, 1 day","78.95%, Past 4 years, 19","Daily, is CONFIRMED on 2025-12-22",Already confirmed,"2025-12-23 (Price: 168.18), 0.08% above",1 day,No Information,No Information,No Information,No Information,No Information,5.75% above/0.08% above/0.08% above,9.09%/1.23%/5.04%,"19.7%, 28.41%",4.4 months/6 days/1 month,2026-07-01/2025-12-30/2026-02-03,12.04%,18.03%,-5.99%,0.06,0.87,180.8951/176.5092/187.59/No Horizontal Resistance/178.0989/194.7923/No EMA 200 Target,145.49/52.782/146.152/125.9496/No F-Track Level/No F-Track Level/130.56,88.27%/307/0 days (Across ALL Assets),82.44%/655/0 days (Across ALL Assets)
TRENDPULSE,"TRI.TO, Long, 2025-12-22 (Price: 182.89)",No Exit Yet,"-0.37%, 1 day","100.0%, Past 4 years, 22","Daily, is CONFIRMED on 2025-12-22",Already confirmed,"2025-12-23 (Price: 182.22), 0.37% below",1 day,No Information,No Information,No Information,No Information,No Information,0.11% above/0.37% below/0.37% below,7.54%/0.59%/3.7%,"0%, 12.09%",5.6 months/6 days/1.6 month,2026-08-22/2025-12-30/2026-03-01,14.91%,7.98%,6.93%,1.41,0.45,195.4911/189.6569/235.1/240.8933/293.2329/455.2123/239.03,178.26/116.89/131.2534/93.0152/No F-Track Level/No F-Track Level/No EMA 200 Support,88.27%/307/0 days (Across ALL Assets),82.44%/655/0 days (Across ALL Assets)
DELTADRIFT,"UBER, Long, 2025-12-22 (Price: 81.26)",No Exit Yet,"-0.36%, 1 day","100.0%, Past 4 years, 6","Daily, was CONFIRMED on 2025-12-22",Already confirmed,"2025-12-23 (Price: 80.97), 0.36% below",1 day,No Information,No Information,No Information,No Information,No Information,No Information,8.06%/3.32%/5.73%,"-0.0%, 11.17%",1.7 month/2 days/16 days,2026-03-05/2025-12-24/2026-01-14,12.38%,16.7%,-4.32%,1.69,0.74,86.5256/85.9162/86.22/82.12/99.1711/103.8185/87.71,79.14/34.6025/75.9736/63.3753/No F-Track Level/No F-Track Level/No EMA 200 Support,88.12%/101/0 days (Across ALL Assets),77.89%/484/0 days (Across ALL Assets)
DELTADRIFT,"INDY, Long, 2025-12-22 (Price: 49.33)",No Exit Yet,"0.26%, 1 day","72.73%, Past 4 years, 11","Daily, was CONFIRMED on 2025-12-22",Already confirmed,"2025-12-23 (Price: 49.46), 0.26% above",1 day,No Information,No Information,No Information,No Information,No Information,No Information,10.44%/1.45%/3.29%,"3.67%, 4.22%",26 days/4 days/11 days,2026-01-28/2025-12-27/2026-01-06,8.33%,2.61%,5.72%,0.34,0.03,51.0023/50.953/50.98/54.474/60.9145/68.1277/52.23,48.03/40.73/48.7816/37.969/No F-Track Level/No F-Track Level/No EMA 200 Support,88.12%/101/0 days (Across ALL Assets),77.89%/484/0 days (Across ALL Assets)
TRENDPULSE,"ABNB, Long, 2025-12-21 (Price: 135.28)",No Exit Yet,"0.89%, 2 days","80.0%, Past 10 years, 5","Weekly, is CONFIRMED on 2025-12-19",Already confirmed,"2025-12-23 (Price: 136.49), 0.89% above",2 days,No Information,No Information,No Information,No Information,No Information,6.31% above/0.89% above/0.89% above,21.23%/8.06%/17.07%,"25.5%, 58.72%",8.9 months/1.2 month/5 months,2027-01-11/2026-02-11/2026-07-26,-12.18%,-2.45%,-9.73%,0.4,0.05,135.1718/158.3723/138.5/178.025/223.5359/232.9937/No EMA 200 Target,114.26/99.795/124.5998/No support/No F-Track Level/No F-Track Level/126.47,95.21%/146/0 days (Across ALL Assets),81.88%/276/0 days (Across ALL Assets)
TRENDPULSE,"WPM.TO, Long, 2025-12-21 (Price: 164.88)",No Exit Yet,"2.0%, 2 days","86.67%, Past 10 years, 30","Weekly, is CONFIRMED on 2025-12-19",Already confirmed,"2025-12-23 (Price: 168.18), 2.0% above",2 days,No Information,No Information,No Information,No Information,No Information,2.0% above/2.0% above/2.0% above,27.09%/5.0%/11.19%,"14.05%, 49.41%",4.4 months/1.2 month/2.6 months,2026-06-30/2026-02-11/2026-04-12,3.49%,6.66%,-3.17%,0.68,0.35,175.3993/183.3301/215.83/No Horizontal Resistance/178.0989/194.7923/No EMA 200 Target,135.45/52.782/146.152/125.9496/No F-Track Level/No F-Track Level/130.22,95.21%/146/0 days (Across ALL Assets),81.88%/276/0 days (Across ALL Assets)
TRENDPULSE,"RHHBY, Long, 2025-12-21 (Price: 51.2)",No Exit Yet,"2.71%, 2 days","87.5%, Past 10 years, 32","Weekly, is CONFIRMED on 2025-12-19",Already confirmed,"2025-12-23 (Price: 52.59), 2.71% above",2 days,No Information,No Information,No Information,No Information,No Information,5.1% above/4.62% above/2.71% above,18.53%/3.11%/9.28%,"21.59%, 44.18%",1.2 year/1.2 month/4.5 months,2027-09-07/2026-02-11/2026-07-04,3.03%,4.77%,-1.74%,0.42,0.23,53.1507/55.9514/57.66/52.46/58.6089/65.2057/No EMA 200 Target,38.23/34.5167/41.5794/31.0544/No F-Track Level/No F-Track Level/41.95,95.21%/146/0 days (Across ALL Assets),81.88%/276/0 days (Across ALL Assets)
TRENDPULSE,"UPS, Long, 2025-12-21 (Price: 101.92)",No Exit Yet,"-1.7%, 2 days","84.0%, Past 10 years, 25","Weekly, is CONFIRMED on 2025-12-19",Already confirmed,"2025-12-23 (Price: 100.19), 1.7% below",2 days,No Information,No Information,No Information,No Information,No Information,0.72% below/1.7% below/1.7% below,11.34%/2.91%/7.7%,"13.76%, 27.26%",9.8 months/28 days/4.1 months,2027-02-19/2026-01-30/2026-06-15,6.24%,1.27%,4.97%,0.28,0.02,98.9439/109.7678/103.25/221.2667/228.7501/295.6013/No EMA 200 Target,82.87/No Horizontal Support/No F-Stack Support/No F-Stack Support/No F-Track Level/No F-Track Level/95.71,95.21%/146/0 days (Across ALL Assets),81.88%/276/0 days (Across ALL Assets)
FRACTAL TRACK,"CVS, Long, 2025-12-21 (Price: 77.72)",No Exit Yet,"0.41%, 2 days","90.91%, Past 20 years, 11","Weekly, was CONFIRMED on 2025-12-21",Already confirmed,"2025-12-23 (Price: 78.04), 0.41% above",2 days,No Information,No Information,No Information,"23.66% (Price: 75.3098), 3.63% above, Upmove Bounce Back","2024-12-29 (Price: 43.56), 2025-11-02 (Price: 85.15)",No Information,19.47%/0.13%/12.94%,"6.64%, 50.05%",6.2 years/2.1 months/2.3 years,2034-10-27/2026-03-22/2029-04-01,4.71%,3.7%,1.01%,0.98,0.17,78.6837/87.777/102.67/106.045/116.3721/144.3517/No EMA 200 Target,75.63/58.425/76.2419/70.3769/No F-Track Level/No F-Track Level/70.51,98.94%/94/0 days (Across ALL Assets),62.9%/124/0 days (Across ALL Assets)
TRENDPULSE,"CSCO, Long, 2025-12-19 (Price: 78.42)",No Exit Yet,"-0.51%, 4 days","88.24%, Past 4 years, 17","Daily, is CONFIRMED on 2025-12-19",Already confirmed,"2025-12-23 (Price: 78.02), 0.51% below",4 days,No Information,No Information,No Information,No Information,No Information,2.66% above/0.51% below/0.51% below,5.83%/1.03%/2.65%,"17.72%, 27.08%",1.1 month/6 days/12 days,2026-02-04/2025-12-27/2026-01-05,6.96%,6.16%,0.8%,0.14,0.32,81.0235/80.4981/95.97/No Horizontal Resistance/78.7458/109.6316/No EMA 200 Target,76.0/40.92/75.1101/68.2017/No F-Track Level/No F-Track Level/67.08,88.27%/307/0 days (Across ALL Assets),82.44%/655/0 days (Across ALL Assets)
TRENDPULSE,"INFY, Long, 2025-12-19 (Price: 20.22)",No Exit Yet,"-8.16%, 4 days","100.0%, Past 4 years, 12","Daily, is CONFIRMED on 2025-12-19",Already confirmed,"2025-12-23 (Price: 18.57), 8.16% below",4 days,No Information,No Information,No Information,No Information,No Information,8.16% below/8.16% below/8.16% below,6.66%/1.9%/4.18%,"-0.0%, 10.02%",3.3 months/7 days/1 month,2026-05-11/2025-12-29/2026-01-31,13.05%,6.68%,6.37%,1.41,0.34,21.1259/21.0652/22.22/23.796/31.8515/41.1179/No EMA 200 Target,16.18/16.0317/13.0115/No support/No F-Track Level/No F-Track Level/17.52,88.27%/307/0 days (Across ALL Assets),82.44%/655/0 days (Across ALL Assets)
TRENDPULSE,"WPM, Long, 2025-12-19 (Price: 119.7)",No Exit Yet,"2.66%, 4 days","96.3%, Past 4 years, 27","Daily, is CONFIRMED on 2025-12-19",Already confirmed,"2025-12-23 (Price: 122.88), 2.66% above",4 days,No Information,No Information,No Information,No Information,No Information,6.44% above/2.66% above/2.66% above,15.63%/1.33%/6.3%,"14.18%, 36.59%",3.8 months/4 days/1.3 month,2026-06-02/2025-12-24/2026-02-13,22.59%,17.13%,5.46%,1.09,0.81,128.9887/127.2411/134.41/No Horizontal Resistance/131.4439/145.6176/No EMA 200 Target,104.96/38.3375/98.515/93.6878/No F-Track Level/No F-Track Level/93.73,88.27%/307/0 days (Across ALL Assets),82.44%/655/0 days (Across ALL Assets)
FRACTAL TRACK,"TSM, Long, 2025-12-19 (Price: 288.95)",No Exit Yet,"2.77%, 4 days","95.0%, Past 5 years, 20","Daily, was CONFIRMED on 2025-12-19",Already confirmed,"2025-12-23 (Price: 296.95), 2.77% above",4 days,No Information,No Information,No Information,"23.66% (Price: 271.4559), 9.39% above, Upmove Bounce Back","2025-04-07 (Price: 134.25), 2025-12-10 (Price: 313.98)",No Information,13.85%/10.09%/11.5%,"1.02%, 51.98%",2.1 years/16 days/3.8 months,2028-12-18/2026-01-11/2026-06-02,37.14%,15.53%,21.61%,2.66,0.73,315.2733/322.1792/396.79/No Horizontal Resistance/334.306/349.9895/No EMA 200 Target,276.96/83.575/274.027/233.1074/No F-Track Level/No F-Track Level/235.07,95.82%/359/0 days (Across ALL Assets),56.14%/57/0 days (Across ALL Assets)
FRACTAL TRACK,"ASML, Long, 2025-12-19 (Price: 1056.02)",No Exit Yet,"0.55%, 4 days","100.0%, Past 5 years, 16","Daily, was CONFIRMED on 2025-12-19",Already confirmed,"2025-12-23 (Price: 1061.84), 0.55% above",4 days,No Information,No Information,No Information,"23.66% (Price: 1033.3004), 2.76% above, Upmove Bounce Back","2025-08-01 (Price: 683.48), 2025-12-03 (Price: 1141.72)",No Information,15.95%/4.96%/10.87%,"-0.0%, 53.28%",2.2 years/13 days/6.5 months,2029-02-08/2026-01-06/2026-09-27,24.72%,12.44%,12.28%,3.0,0.59,1150.0058/1170.8094/1330.96/No Horizontal Resistance/1091.1724/1155.2236/No EMA 200 Target,1015.43/561.385/1034.6774/832.8601/No F-Track Level/No F-Track Level/834.28,95.82%/359/0 days (Across ALL Assets),56.14%/57/0 days (Across ALL Assets)
FRACTAL TRACK,"PLTR, Long, 2025-12-19 (Price: 193.38)",No Exit Yet,"0.39%, 4 days","100.0%, Past 5 years, 18","Daily, was CONFIRMED on 2025-12-19",Already confirmed,"2025-12-23 (Price: 194.13), 0.39% above",4 days,No Information,No Information,No Information,"23.66% (Price: 174.0648), 11.53% above, Upmove Bounce Back","2025-04-07 (Price: 66.12), 2025-11-03 (Price: 207.52)",No Information,33.44%/10.15%/15.79%,"0%, 74.37%",2.3 years/10 days/3.4 months,2029-03-30/2026-01-02/2026-05-15,47.99%,28.98%,19.01%,2.63,1.12,211.4224/223.9147/278.22/No Horizontal Resistance/232.7649/248.6965/No EMA 200 Target,177.29/7.205/191.5407/156.1054/No F-Track Level/No F-Track Level/148.07,95.82%/359/0 days (Across ALL Assets),56.14%/57/0 days (Across ALL Assets)
FRACTAL TRACK,"VGT, Long, 2025-12-19 (Price: 755.54)",No Exit Yet,"1.26%, 4 days","100.0%, Past 5 years, 15","Daily, was CONFIRMED on 2025-12-19",Already confirmed,"2025-12-23 (Price: 765.03), 1.26% above",4 days,No Information,No Information,No Information,"23.66% (Price: 722.7628), 5.85% above, Upmove Bounce Back","2025-04-07 (Price: 451.0), 2025-10-29 (Price: 806.99)",No Information,11.81%/4.8%/9.66%,"0%, 32.02%",2 years/1 month/4.4 months,2028-10-26/2026-01-31/2026-06-28,27.73%,11.82%,15.91%,4.51,0.66,812.6588/828.5252/969.13/No Horizontal Resistance/946.1588/993.4664/No EMA 200 Target,730.42/311.83/702.1644/626.0547/No F-Track Level/No F-Track Level/670.14,95.82%/359/0 days (Across ALL Assets),56.14%/57/0 days (Across ALL Assets)
FRACTAL TRACK,"BIPC.TO, Long, 2025-12-19 (Price: 63.51)",No Exit Yet,"0.19%, 4 days","93.33%, Past 5 years, 15","Daily, was CONFIRMED on 2025-12-19",Already confirmed,"2025-12-23 (Price: 63.63), 0.19% above",4 days,No Information,No Information,No Information,"38.2% (Price: 61.5083), 3.45% above, Upmove Bounce Back","2025-08-01 (Price: 52.64), 2025-10-16 (Price: 66.99)",No Information,12.52%/2.79%/9.56%,"2.3%, 18.18%",8.4 months/14 days/2.7 months,2026-12-19/2026-01-08/2026-04-15,22.95%,1.41%,21.54%,1.2,0.05,64.5833/69.5816/72.12/67.0517/No Next Fib Ext/No Next Fib Ext/No EMA 200 Target,61.68/44.9667/No F-Stack Support/No F-Stack Support/No F-Track Level/No F-Track Level/56.87,95.82%/359/0 days (Across ALL Assets),56.14%/57/0 days (Across ALL Assets)
FRACTAL TRACK,"IBKR, Long, 2025-12-19 (Price: 64.26)",No Exit Yet,"2.65%, 4 days","93.33%, Past 5 years, 15","Daily, was CONFIRMED on 2025-12-19",Already confirmed,"2025-12-23 (Price: 65.96), 2.65% above",4 days,No Information,No Information,No Information,"23.66% (Price: 62.1287), 6.17% above, Upmove Bounce Back","2024-08-05 (Price: 25.9225), 2025-10-10 (Price: 73.35)",No Information,16.34%/10.24%/12.37%,"7.97%, 31.97%",1.1 year/28 days/3 months,2027-07-15/2026-01-28/2026-04-28,35.27%,24.2%,11.07%,1.68,1.19,69.4458/72.209/92.72/No Horizontal Resistance/81.4292/98.2092/No EMA 200 Target,62.45/13.0762/62.0029/55.579/No F-Track Level/No F-Track Level/57.85,95.82%/359/0 days (Across ALL Assets),56.14%/57/0 days (Across ALL Assets)
FRACTAL TRACK,"NU, Long, 2025-12-19 (Price: 16.34)",No Exit Yet,"2.57%, 4 days","100.0%, Past 4 years, 12","Daily, was CONFIRMED on 2025-12-19",Already confirmed,"2025-12-23 (Price: 16.76), 2.57% above",4 days,No Information,No Information,No Information,"38.2% (Price: 15.5671), 7.66% above, Upmove Bounce Back","2025-08-14 (Price: 11.89), 2025-12-02 (Price: 17.84)",No Information,14.19%/10.08%/11.27%,"0%, 32.54%",9.7 months/3 days/2 months,2027-02-13/2025-12-23/2026-03-15,42.11%,9.45%,32.66%,9.27,0.53,17.742/18.1815/19.91/No Horizontal Resistance/No Next Fib Ext/No Next Fib Ext/No EMA 200 Target,15.86/5.54/No F-Stack Support/No F-Stack Support/No F-Track Level/No F-Track Level/13.74,95.82%/359/0 days (Across ALL Assets),56.14%/57/0 days (Across ALL Assets)
OSCILLATOR DELTA,"CEN.NZ, Long, 2025-12-18 (Price: 9.27)",No Exit Yet,"0.43%, 5 days","81.82%, Past 6 years, 22","Daily, is Confirmed on 2025-12-18",No Cancellation Possible,"2025-12-23 (Price: 9.31), 0.43% above",5 days,No Information,No Information,No Information,No Information,No Information,No Information,11.22%/5.1%/7.56%,"14.26%, 14.97%",8.2 months/6 days/3.1 months,2026-12-07/2025-12-26/2026-05-01,11.41%,3.46%,7.95%,0.46,0.15,9.6371/9.9708/9.73/9.4367/11.2606/15.4512/No EMA 200 Target,No Recent Minima/6.86/8.6706/No support/No F-Track Level/No F-Track Level/9.15,81.76%/159/0 days (Across ALL Assets),67.13%/362/0 days (Across ALL Assets)
TRENDPULSE,"WPM.TO, Long, 2025-12-18 (Price: 159.04)",No Exit Yet,"5.75%, 5 days","78.95%, Past 4 years, 19","Daily, is CONFIRMED on 2025-12-18",Already confirmed,"2025-12-23 (Price: 168.18), 5.75% above",5 days,No Information,No Information,No Information,No Information,No Information,5.75% above/5.75% above/5.75% above,9.09%/1.23%/5.04%,"19.7%, 28.41%",4.4 months/6 days/1 month,2026-06-27/2025-12-26/2026-01-30,12.04%,18.03%,-5.99%,0.06,0.87,171.2066/167.0556/174.81/No Horizontal Resistance/178.0989/194.7923/No EMA 200 Target,145.49/52.782/146.152/125.9496/No F-Track Level/No F-Track Level/129.9,88.27%/307/0 days (Across ALL Assets),82.44%/655/0 days (Across ALL Assets)
TRENDPULSE,"MCD, Long, 2025-12-18 (Price: 319.65)",No Exit Yet,"-2.76%, 5 days","83.33%, Past 4 years, 18","Daily, is CONFIRMED on 2025-12-18",Already confirmed,"2025-12-23 (Price: 310.84), 2.76% below",5 days,No Information,No Information,No Information,No Information,No Information,2.46% below/2.76% below/2.76% below,4.95%/0.71%/2.55%,"0.45%, 11.38%",3.9 months/7 days/1.3 month,2026-06-05/2025-12-28/2026-02-12,12.38%,5.6%,6.78%,1.08,0.28,330.2624/327.8011/327.6/321.3575/370.0426/590.3302/No EMA 200 Target,300.72/228.4467/254.2758/233.8976/No F-Track Level/No F-Track Level/306.22,88.27%/307/0 days (Across ALL Assets),82.44%/655/0 days (Across ALL Assets)
FRACTAL TRACK,"FXI, Long, 2025-12-18 (Price: 38.21)",No Exit Yet,"0.84%, 5 days","100.0%, Past 5 years, 11","Daily, was CONFIRMED on 2025-12-18",Already confirmed,"2025-12-23 (Price: 38.53), 0.84% above",5 days,No Information,No Information,No Information,"23.66% (Price: 36.9983), 4.14% above, Upmove Bounce Back","2024-01-22 (Price: 20.86), 2025-10-02 (Price: 42.0)",No Information,14.16%/6.87%/10.84%,"-0.0%, 45.3%",3.7 years/13 days/1.2 year,2031-03-31/2026-01-05/2027-09-04,13.13%,-2.21%,15.34%,1.46,-0.08,38.8214/42.352/50.89/42.665/90.5742/95.3274/No EMA 200 Target,37.85/20.865/38.0047/No support/No F-Track Level/No F-Track Level/37.73,95.82%/359/0 days (Across ALL Assets),56.14%/57/0 days (Across ALL Assets)
FRACTAL TRACK,"PFE, Long, 2025-12-18 (Price: 25.04)",No Exit Yet,"-0.64%, 5 days","93.33%, Past 5 years, 15","Daily, was CONFIRMED on 2025-12-18",Already confirmed,"2025-12-23 (Price: 24.88), 0.64% below",5 days,No Information,No Information,No Information,"61.8% (Price: 25.15), 1.07% below, Upmove Bounce Back","2025-09-25 (Price: 23.58), 2025-10-03 (Price: 27.69)",No Information,15.29%/2.93%/10.03%,"3.6%, 19.77%",2.8 months/12 days/1.5 month,2026-04-18/2026-01-04/2026-02-21,10.93%,-6.4%,17.33%,0.41,-0.42,25.343/27.5515/27.51/55.39/66.4672/73.1352/No EMA 200 Target,24.4/23.345/21.508/20.5265/No F-Track Level/No F-Track Level/24.5,95.82%/359/0 days (Across ALL Assets),56.14%/57/0 days (Across ALL Assets)
FRACTAL TRACK,"XLE, Long, 2025-12-18 (Price: 44.13)",No Exit Yet,"0.84%, 5 days","90.0%, Past 5 years, 20","Daily, was CONFIRMED on 2025-12-18",Already confirmed,"2025-12-23 (Price: 44.5), 0.84% above",5 days,No Information,No Information,No Information,"50% (Price: 44.505), 0.01% below, Upmove Bounce Back","2025-10-16 (Price: 42.35), 2025-12-05 (Price: 46.66)",No Information,11.51%/2.08%/9.2%,"3.48%, 17.74%",1.4 year/21 days/5.7 months,2027-12-16/2026-01-17/2026-08-22,21.1%,11.53%,9.57%,0.91,0.63,45.8599/48.19/46.72/49.2225/54.1372/58.8712/No EMA 200 Target,43.81/22.8475/37.4998/27.2174/No F-Track Level/No F-Track Level/43.48,95.82%/359/0 days (Across ALL Assets),56.14%/57/0 days (Across ALL Assets)
FRACTAL TRACK,"FRW.NZ, Long, 2025-12-18 (Price: 14.2)",No Exit Yet,"-1.06%, 5 days","88.89%, Past 5 years, 9","Daily, was CONFIRMED on 2025-12-18",Already confirmed,"2025-12-23 (Price: 14.05), 1.06% below",5 days,No Information,No Information,No Information,"23.66% (Price: 13.0889), 7.34% above, Upmove Bounce Back","2023-10-30 (Price: 7.31), 2025-10-31 (Price: 14.88)",No Information,13.53%/1.54%/10.4%,"4.41%, 40.87%",3.7 years/3.6 months/1.2 year,2031-03-31/2026-05-23/2027-09-04,11.59%,4.86%,6.73%,1.04,0.24,14.5692/15.6768/18.74/No Horizontal Resistance/16.2179/21.849/No EMA 200 Target,13.75/7.405/11.0078/7.8689/No F-Track Level/No F-Track Level/11.99,95.82%/359/0 days (Across ALL Assets),56.14%/57/0 days (Across ALL Assets)
FRACTAL TRACK,"CNQ.TO, Long, 2025-12-18 (Price: 43.41)",No Exit Yet,"3.57%, 5 days","100.0%, Past 5 years, 12","Daily, was CONFIRMED on 2025-12-18",Already confirmed,"2025-12-23 (Price: 44.96), 3.57% above",5 days,No Information,No Information,No Information,"78.6% (Price: 43.2814), 3.88% above, Upmove Bounce Back","2025-10-21 (Price: 41.67), 2025-11-20 (Price: 49.2)",No Information,10.83%/7.23%/9.92%,"-0.0%, 17.04%",9.4 months/1.1 month/4.2 months,2027-01-30/2026-02-03/2026-06-18,20.54%,16.68%,3.86%,1.1,0.86,43.9396/47.7163/47.93/51.51/65.8353/68.6522/43.42,43.0/34.9317/41.121/33.7618/No F-Track Level/No F-Track Level/No EMA 200 Support,95.82%/359/0 days (Across ALL Assets),56.14%/57/0 days (Across ALL Assets)
DELTADRIFT,"KWEB, Long, 2025-11-24 (Price: 37.52)",2025-12-22 (Price: 34.76),"-7.36%, 28 days","75.0%, Past 4 years, 12","Daily, was CONFIRMED on 2025-11-24",Already confirmed,"2025-12-23 (Price: 34.58), 7.84% below",29 days,No Information,No Information,No Information,No Information,No Information,No Information,19.05%/4.1%/7.08%,"18.75%, 18.75%",1.6 month/2 days/14 days,2026-02-01/2025-11-26/2025-12-14,3.5%,-1.91%,5.41%,0.03,0.1,38.7281/40.1764/39.45/54.865/112.1402/127.8094/No EMA 200 Target,36.23/24.5062/No F-Stack Support/No F-Stack Support/No F-Track Level/No F-Track Level/36.43,88.12%/101/0 days (Across ALL Assets),77.89%/484/0 days (Across ALL Assets)
FRACTAL TRACK,"GLD, Long, 2025-10-30 (Price: 370.13)",2025-12-22 (Price: 408.23),"10.29%, 1.8 month","100.0%, Past 5 years, 18","Daily, was CONFIRMED on 2025-10-30",Already confirmed,"2025-12-23 (Price: 413.64), 11.76% above",1.8 month,No Information,No Information,No Information,"23.66% (Price: 363.7476), 13.72% above, Upmove Bounce Back","2024-11-14 (Price: 236.13), 2025-10-20 (Price: 403.3)",No Information,11.32%/1.34%/8.92%,"-0.0%, 18.1%",2 years/1.4 month/5.2 months,2028-09-06/2025-12-29/2026-06-12,26.16%,11.89%,14.27%,2.41,0.93,398.4449/403.1456/470.43/No Horizontal Resistance/424.4974/624.146/No EMA 200 Target,363.0/150.8/301.1087/224.8487/No F-Track Level/No F-Track Level/328.82,95.82%/359/0 days (Across ALL Assets),56.14%/57/0 days (Across ALL Assets)
TRENDPULSE,"BAC, Long, 2025-10-26 (Price: 52.57)",2025-12-23 (Price: 55.97) (Today),"6.47%, 1.9 month","76.47%, Past 10 years, 17","Weekly, is CONFIRMED on 2025-10-24",Already confirmed,"2025-12-23 (Price: 55.97), 6.47% above",1.9 month,No Information,No Information,No Information,No Information,No Information,9.15% above/8.13% above/6.47% above,16.63%/0.1%/7.69%,"5.06%, 34.47%",8.4 months/1.2 month/3.2 months,2026-10-26/2025-12-17/2026-03-14,6.48%,6.95%,-0.47%,0.61,0.35,55.1091/56.6126/55.91/No Horizontal Resistance/No Next Fib Ext/No Next Fib Ext/No EMA 200 Target,48.65/29.49/No F-Stack Support/No F-Stack Support/No F-Track Level/No F-Track Level/45.68,95.21%/146/0 days (Across ALL Assets),81.88%/276/0 days (Across ALL Assets)
TRENDPULSE,"DIA, Long, 2025-10-26 (Price: 472.21)",2025-12-23 (Price: 484.23) (Today),"2.55%, 1.9 month","100.0%, Past 10 years, 21","Weekly, is CONFIRMED on 2025-10-24",Already confirmed,"2025-12-23 (Price: 484.23), 2.55% above",1.9 month,No Information,No Information,No Information,No Information,No Information,4.86% above/2.55% above/2.55% above,6.32%/1.23%/3.68%,"-0.0%, 14.86%",9.8 months/1.6 month/5.1 months,2026-12-25/2026-01-03/2026-06-04,6.77%,6.84%,-0.07%,2.38,0.43,490.8623/489.5873/546.77/No Horizontal Resistance/538.1343/826.9871/No EMA 200 Target,454.87/321.6725/359.6128/249.2814/No F-Track Level/No F-Track Level/435.91,95.21%/146/0 days (Across ALL Assets),81.88%/276/0 days (Across ALL Assets)
TRENDPULSE,"RHHBY, Long, 2025-10-12 (Price: 45.66)",2025-12-21 (Price: 51.2),"12.13%, 2.3 months","87.5%, Past 10 years, 32","Weekly, is CONFIRMED on 2025-10-10",Already confirmed,"2025-12-23 (Price: 52.59), 15.18% above",2.4 months,No Information,No Information,No Information,No Information,No Information,16.09% above/16.04% above/15.18% above,18.53%/3.11%/9.28%,"21.59%, 44.18%",1.2 year/1.2 month/4.5 months,2027-06-29/2025-12-03/2026-04-25,3.03%,4.77%,-1.74%,0.42,0.23,47.3996/49.8972/50.49/52.46/58.6089/65.2057/No EMA 200 Target,38.23/34.5167/41.5794/31.0544/No F-Track Level/No F-Track Level/40.19,95.21%/146/0 days (Across ALL Assets),81.88%/276/0 days (Across ALL Assets)
TRENDPULSE,"BAC, Long, 2025-09-28 (Price: 52.21)",2025-12-23 (Price: 55.97) (Today),"7.2%, 2.9 months","76.47%, Past 10 years, 17","Weekly, is CONFIRMED on 2025-09-26",Already confirmed,"2025-12-23 (Price: 55.97), 7.2% above",2.9 months,No Information,No Information,No Information,No Information,No Information,10.66% above/7.95% above/7.2% above,16.63%/0.1%/7.69%,"5.06%, 34.47%",8.4 months/1.2 month/3.2 months,2026-09-28/2025-11-19/2026-02-14,6.48%,6.95%,-0.47%,0.61,0.35,54.7317/56.2249/55.62/No Horizontal Resistance/No Next Fib Ext/No Next Fib Ext/No EMA 200 Target,34.39/29.49/No F-Stack Support/No F-Stack Support/No F-Track Level/No F-Track Level/45.08,95.21%/146/0 days (Across ALL Assets),81.88%/276/0 days (Across ALL Assets)
TRENDPULSE,"^NDX, Long, 2025-09-21 (Price: 24626.25)",2025-12-23 (Price: 25587.8301) (Today),"3.9%, 3.1 months","100.0%, Past 10 years, 9","Weekly, is CONFIRMED on 2025-09-19",Already confirmed,"2025-12-23 (Price: 25587.8301), 3.9% above",3.1 months,No Information,No Information,No Information,No Information,No Information,6.21% above/3.9% above/3.9% above,3.95%/1.69%/2.62%,"-0.0%, 35.49%",4.4 months/1.2 month/2.9 months,2026-03-31/2025-11-12/2026-01-25,3.75%,13.42%,-9.67%,0.85,0.8,26561.8733/25271.4578/27592.28/No Horizontal Resistance/25025.4383/33965.62/No EMA 200 Target,17397.7/10555.915/22796.2371/21108.1646/No F-Track Level/No F-Track Level/21525.56,95.21%/146/0 days (Across ALL Assets),81.88%/276/0 days (Across ALL Assets)
TRENDPULSE,"BAC, Long, 2025-09-21 (Price: 52.25)",2025-12-23 (Price: 55.97) (Today),"7.12%, 3.1 months","76.47%, Past 10 years, 17","Weekly, is CONFIRMED on 2025-09-19",Already confirmed,"2025-12-23 (Price: 55.97), 7.12% above",3.1 months,No Information,No Information,No Information,No Information,No Information,10.66% above/8.89% above/7.12% above,16.63%/0.1%/7.69%,"5.06%, 34.47%",8.4 months/1.2 month/3.2 months,2026-09-21/2025-11-12/2026-02-07,6.48%,6.95%,-0.47%,0.61,0.35,54.7737/56.268/56.53/No Horizontal Resistance/No Next Fib Ext/No Next Fib Ext/No EMA 200 Target,34.39/29.49/No F-Stack Support/No F-Stack Support/No F-Track Level/No F-Track Level/44.96,95.21%/146/0 days (Across ALL Assets),81.88%/276/0 days (Across ALL Assets)
TRENDPULSE,"SFTBY, Long, 2025-07-31 (Price: 38.15)",2025-12-23 (Price: 55.64) (Today),"45.85%, 4.8 months","100.0%, Past 20 years, 6","Monthly, is CONFIRMED on 2025-07-31",Already confirmed,"2025-12-23 (Price: 55.64), 45.85% above",4.8 months,No Information,No Information,No Information,No Information,No Information,52.73% above/48.37% above/45.85% above,36.66%/36.66%/36.66%,"-0.0%, 64.04%",1 year/1 year/1 year,2027-01-03/2027-01-03/2027-01-03,12.92%,8.11%,4.81%,0.88,0.41,36.8529/52.1358/42.72/No Horizontal Resistance/48.3837/56.3971/No EMA 200 Target,25.22/16.82/32.5245/28.6536/No F-Track Level/No F-Track Level/29.37,95.08%/61/0 days (Across ALL Assets),80.0%/110/0 days (Across ALL Assets)
TRENDPULSE,"BAC, Long, 2025-07-31 (Price: 47.27)",2025-12-23 (Price: 55.97) (Today),"18.4%, 4.8 months","76.92%, Past 20 years, 13","Monthly, is CONFIRMED on 2025-07-31",Already confirmed,"2025-12-23 (Price: 55.97), 18.4% above",4.8 months,No Information,No Information,No Information,No Information,No Information,26.83% above/16.7% above/18.4% above,30.69%/9.64%/18.15%,"25.08%, 44.87%",1.3 year/5 months/9 months,2027-06-08/2026-03-05/2026-08-26,4.68%,2.37%,2.31%,0.29,0.18,55.0601/55.8495/52.62/48.715/No Next Fib Ext/No Next Fib Ext/No EMA 200 Target,26.34/29.49/No F-Stack Support/No F-Stack Support/No F-Track Level/No F-Track Level/44.14,95.08%/61/0 days (Across ALL Assets),80.0%/110/0 days (Across ALL Assets)
TRENDPULSE,"EEM, Long, 2025-07-31 (Price: 48.56)",2025-12-23 (Price: 54.31) (Today),"11.84%, 4.8 months","83.33%, Past 20 years, 12","Monthly, is CONFIRMED on 2025-07-31",Already confirmed,"2025-12-23 (Price: 54.31), 11.84% above",4.8 months,No Information,No Information,No Information,No Information,No Information,19.31% above/11.84% above/11.84% above,23.15%/1.8%/11.72%,"17.13%, 38.01%",1.6 year/4 months/9.6 months,2027-11-12/2026-01-20/2026-09-21,1.85%,4.85%,-3.0%,0.23,0.23,56.1111/54.2512/51.72/51.3833/No Next Fib Ext/No Next Fib Ext/No EMA 200 Target,36.7/37.485/No F-Stack Support/No F-Stack Support/No F-Track Level/No F-Track Level/44.66,95.08%/61/0 days (Across ALL Assets),80.0%/110/0 days (Across ALL Assets)
TRENDPULSE,"BDGI.TO, Long, 2025-07-31 (Price: 52.29)",2025-12-23 (Price: 74.81) (Today),"43.07%, 4.8 months","95.0%, Past 20 years, 20","Monthly, is CONFIRMED on 2025-07-31",Already confirmed,"2025-12-23 (Price: 74.81), 43.07% above",4.8 months,No Information,No Information,No Information,No Information,No Information,67.7% above/53.87% above/43.07% above,69.93%/3.87%/34.79%,"37.81%, 54.03%",11.2 months/5 months/6 months,2026-11-29/2026-03-05/2026-04-17,16.29%,14.03%,2.26%,1.02,0.66,103.4139/70.4817/64.4/No Horizontal Resistance/50.7492/58.5532/No EMA 200 Target,35.88/24.32/46.0323/42.8299/No F-Track Level/No F-Track Level/41.26,95.08%/61/0 days (Across ALL Assets),80.0%/110/0 days (Across ALL Assets)
FRACTAL TRACK,"HYG, Long, 2025-06-30 (Price: 80.65)",2025-12-23 (Price: 80.49) (Today),"-0.2%, 5.9 months","80.0%, Past 18 years, 5","Monthly, was CONFIRMED on 2025-06-30",Already confirmed,"2025-12-23 (Price: 80.49), 0.2% below",5.9 months,No Information,No Information,No Information,"38.2% (Price: 76.5615), 5.13% above, Upmove Bounce Back","2022-10-31 (Price: 70.4), 2024-09-30 (Price: 80.37)",No Information,2.15%/2.15%/2.15%,"3.95%, 5.88%",1.7 year/1.7 year/1.7 year,2027-12-03/2027-12-03/2027-12-03,3.9%,-0.99%,4.89%,-0.17,-0.53,79.4967/82.384/86.63/86.99/No Next Fib Ext/No Next Fib Ext/No EMA 200 Target,78.6/72.2733/No F-Stack Support/No F-Stack Support/No F-Track Level/No F-Track Level/79.91,84.62%/39/0 days (Across ALL Assets),68.29%/82/0 days (Across ALL Assets)
SIGMASHELL,"SBUX, Long, 2025-05-01 (Price: 82.01)",2025-12-23 (Price: 83.86) (Today),"2.26%, 7.9 months","100.0%, Past 5 years, 4","Daily, was CONFIRMED on 2025-05-01",Already confirmed,"2025-12-23 (Price: 83.86), 2.26% above",7.9 months,"-8.19, 75.0",No Information,No Information,No Information,No Information,No Information,29.12%/1.22%/12.6%,"0%, 25.49%",7.6 months/2.9 months/4.6 months,2026-03-27/2025-09-04/2025-11-16,30.95%,12.15%,18.8%,1.02,0.58,83.0515/92.3433/142.4098/117.438/142.4098/150.3462/87.73,80.05/71.47/76.529/65.8616/No F-Track Level/No F-Track Level/No EMA 200 Support,91.43%/70/0 days (Across ALL Assets),75.11%/237/0 days (Across ALL Assets)
TRENDPULSE,"BAC, Long, 2025-02-28 (Price: 46.1)",2025-12-23 (Price: 55.97) (Today),"21.41%, 9.9 months","76.92%, Past 20 years, 13","Monthly, is CONFIRMED on 2025-02-28",Already confirmed,"2025-12-23 (Price: 55.97), 21.41% above",9.9 months,No Information,No Information,No Information,No Information,No Information,27.35% above/21.41% above/21.41% above,30.69%/9.64%/18.15%,"25.08%, 44.87%",1.3 year/5 months/9 months,2027-01-06/2025-10-03/2026-03-26,4.68%,2.37%,2.31%,0.29,0.18,53.6973/54.4672/56.66/48.96/No Next Fib Ext/No Next Fib Ext/No EMA 200 Target,26.34/22.67/No F-Stack Support/No F-Stack Support/No F-Track Level/No F-Track Level/42.38,95.08%/61/0 days (Across ALL Assets),80.0%/110/0 days (Across ALL Assets)
TRENDPULSE,"ATM.NZ, Long, 2025-02-28 (Price: 8.84)",2025-12-23 (Price: 10.66) (Today),"20.59%, 9.9 months","100.0%, Past 20 years, 8","Monthly, is CONFIRMED on 2025-02-28",Already confirmed,"2025-12-23 (Price: 10.66), 20.59% above",9.9 months,No Information,No Information,No Information,No Information,No Information,65.53% above/20.59% above/20.59% above,102.13%/45.63%/81.61%,"-0.0%, 48.4%",2.1 years/10.1 months/1.6 year,2028-02-28/2026-05-12/2027-06-12,19.84%,13.35%,6.49%,1.36,0.6,12.1833/16.0543/13.32/No Horizontal Resistance/21.86/25.8879/No EMA 200 Target,4.15/5.185/8.6495/8.0201/No F-Track Level/No F-Track Level/6.78,95.08%/61/0 days (Across ALL Assets),80.0%/110/0 days (Across ALL Assets)
FRACTAL TRACK,"RHHBY, Long, 2025-02-28 (Price: 41.74)",2025-12-23 (Price: 52.59) (Today),"25.99%, 9.9 months","85.71%, Past 24 years, 7","Monthly, was CONFIRMED on 2025-02-28",Already confirmed,"2025-12-23 (Price: 52.59), 25.99% above",9.9 months,No Information,No Information,No Information,"61.8% (Price: 34.2539), 53.53% above, Upmove Bounce Back","2024-05-31 (Price: 29.2), 2024-08-31 (Price: 42.43)",No Information,29.63%/5.85%/20.48%,"5.23%, 30.29%",6 years/1 year/3.2 years,2033-09-22/2026-08-03/2029-09-23,5.03%,5.2%,-0.17%,0.93,0.26,46.0559/50.2884/49.68/52.46/58.6089/65.2057/42.03,29.82/34.4/41.5794/31.0544/No F-Track Level/No F-Track Level/No EMA 200 Support,84.62%/39/0 days (Across ALL Assets),68.29%/82/0 days (Across ALL Assets)
TRENDPULSE,"IHI, Long, 2025-02-02 (Price: 63.81)",2025-12-23 (Price: 62.64) (Today),"-1.83%, 10.8 months","100.0%, Past 10 years, 34","Weekly, is CONFIRMED on 2025-01-31",Already confirmed,"2025-12-23 (Price: 62.64), 1.83% below",10.8 months,No Information,No Information,No Information,No Information,No Information,1.29% above/1.83% below/1.83% below,8.09%/1.52%/4.37%,"-0.0%, 28.87%",10.7 months/28 days/4 months,2026-05-12/2025-03-14/2025-07-25,10.39%,9.12%,1.27%,2.0,0.59,68.2512/66.5985/67.75/66.92/68.9264/76.3906/No EMA 200 Target,58.81/46.8983/56.0899/46.1919/No F-Track Level/No F-Track Level/57.97,95.21%/146/0 days (Across ALL Assets),81.88%/276/0 days (Across ALL Assets)
TRENDPULSE,"MSE.PA, Long, 2025-01-31 (Price: 57.37)",2025-12-23 (Price: 64.08) (Today),"11.7%, 10.9 months","100.0%, Past 20 years, 8","Monthly, is CONFIRMED on 2025-01-31",Already confirmed,"2025-12-23 (Price: 64.08), 11.7% above",10.9 months,No Information,No Information,No Information,No Information,No Information,20.16% above/18.51% above/11.7% above,11.99%/4.9%/8.12%,"-0.0%, 28.4%",1.7 year/5 months/11.9 months,2027-07-06/2025-09-05/2026-07-02,5.39%,1.99%,3.4%,0.77,-0.0,58.7354/62.0284/73.34/No Horizontal Resistance/58.4776/81.1364/No EMA 200 Target,52.08/33.57/44.4738/35.8188/No F-Track Level/No F-Track Level/53.19,95.08%/61/0 days (Across ALL Assets),80.0%/110/0 days (Across ALL Assets)
TRENDPULSE,"SUM.NZ, Long, 2024-11-24 (Price: 13.1)",2025-12-21 (Price: 11.87),"-9.39%, 1.1 year","90.91%, Past 10 years, 11","Weekly, is CONFIRMED on 2024-11-22",Already confirmed,"2025-12-23 (Price: 12.2), 6.87% below",1.1 year,No Information,No Information,No Information,No Information,No Information,2.79% below/6.87% below/6.87% below,10.69%/2.99%/6.53%,"8.88%, 47.61%",1.9 month/28 days/1.4 month,2025-02-14/2025-01-03/2025-01-23,-0.02%,11.46%,-11.48%,0.54,0.63,14.4689/13.9554/14.24/No Horizontal Resistance/19.8479/26.5969/No EMA 200 Target,9.4/9.246/11.0645/No support/No F-Track Level/No F-Track Level/11.11,95.21%/146/0 days (Across ALL Assets),81.88%/276/0 days (Across ALL Assets)
TRENDPULSE,"CNQ.TO, Long, 2024-10-13 (Price: 51.71)",2025-12-21 (Price: 43.99),"-14.93%, 1.2 year","95.45%, Past 10 years, 22","Weekly, is CONFIRMED on 2024-10-11",Already confirmed,"2025-12-23 (Price: 44.96), 13.05% below",1.2 year,No Information,No Information,No Information,No Information,No Information,6.76% below/13.05% below/13.05% below,19.11%/1.41%/7.08%,"22.31%, 71.02%",3.5 months/28 days/1.8 month,2025-03-14/2024-11-22/2024-12-30,2.78%,3.8%,-1.02%,0.61,0.23,52.7907/55.3711/51.74/No Horizontal Resistance/65.8353/68.6522/No EMA 200 Target,43.4/13.9251/48.4386/46.0303/No F-Track Level/No F-Track Level/48.05,95.21%/146/0 days (Across ALL Assets),81.88%/276/0 days (Across ALL Assets)
TRENDPULSE,"CNU.NZ, Long, 2024-09-30 (Price: 8.72)",2025-12-23 (Price: 9.48) (Today),"8.72%, 1.2 year","100.0%, Past 20 years, 6","Monthly, is CONFIRMED on 2024-09-30",Already confirmed,"2025-12-23 (Price: 9.48), 8.72% above",1.2 year,No Information,No Information,No Information,No Information,No Information,11.01% above/8.72% above/8.72% above,26.44%/7.23%/18.68%,"-0.0%, 15.86%",11.1 months/5.1 months/8.1 months,2026-01-25/2025-05-09/2025-09-16,14.78%,5.28%,9.5%,1.0,0.27,9.6243/10.3489/8.91/8.822/No Next Fib Ext/No Next Fib Ext/No EMA 200 Target,7.18/6.0983/No F-Stack Support/No F-Stack Support/No F-Track Level/No F-Track Level/7.84,95.08%/61/0 days (Across ALL Assets),80.0%/110/0 days (Across ALL Assets)
TRENDPULSE,"FPH.NZ, Long, 2024-09-08 (Price: 37.4)",2025-12-23 (Price: 37.8) (Today),"1.07%, 1.3 year","100.0%, Past 10 years, 15","Weekly, is CONFIRMED on 2024-09-06",Already confirmed,"2025-12-23 (Price: 37.8), 1.07% above",1.3 year,No Information,No Information,No Information,No Information,No Information,6.78% above/1.07% above/1.07% above,17.69%/6.92%/9.5%,"-0.0%, 27.7%",3.3 months/1.2 month/2.4 months,2025-01-29/2024-10-30/2024-12-21,12.27%,12.4%,-0.13%,1.68,0.68,43.7879/40.953/45.55/No Horizontal Resistance/40.9296/48.5677/No EMA 200 Target,23.8/22.675/30.9793/26.1935/No F-Track Level/No F-Track Level/27.55,95.21%/146/0 days (Across ALL Assets),81.88%/276/0 days (Across ALL Assets)
TRENDPULSE,"IEI, Long, 2024-08-31 (Price: 118.72)",2025-12-23 (Price: 119.13) (Today),"0.35%, 1.3 year","77.78%, Past 20 years, 9","Monthly, is CONFIRMED on 2024-08-31",Already confirmed,"2025-12-23 (Price: 119.13), 0.35% above",1.3 year,No Information,No Information,No Information,No Information,No Information,1.24% above/0.35% above/0.35% above,1.93%/1.13%/1.45%,"15.13%, 15.6%",11.2 months/6.1 months/8.1 months,2025-12-30/2025-05-23/2025-08-17,1.43%,0.7%,0.73%,-0.36,-0.87,121.7355/120.4414/124.14/133.2183/No Next Fib Ext/No Next Fib Ext/No EMA 200 Target,112.29/112.768/No F-Stack Support/No F-Stack Support/No F-Track Level/No F-Track Level/115.83,95.08%/61/0 days (Across ALL Assets),80.0%/110/0 days (Across ALL Assets)
TRENDPULSE,"AAPL, Long, 2024-07-31 (Price: 222.08)",2025-12-23 (Price: 272.36) (Today),"22.64%, 1.4 year","100.0%, Past 20 years, 20","Monthly, is CONFIRMED on 2024-07-31",Already confirmed,"2025-12-23 (Price: 272.36), 22.64% above",1.4 year,No Information,No Information,No Information,No Information,No Information,29.31% above/22.64% above/22.64% above,49.66%/12.62%/21.67%,"-0.0%, 40.56%",2.5 years/5.1 months/10.5 months,2028-02-24/2025-03-09/2025-10-30,17.77%,21.49%,-3.72%,2.41,1.03,323.0598/270.2047/323.37/No Horizontal Resistance/294.7231/309.0801/No EMA 200 Target,170.33/136.9225/189.8723/119.0319/No F-Track Level/No F-Track Level/189.12,95.08%/61/0 days (Across ALL Assets),80.0%/110/0 days (Across ALL Assets)
TRENDPULSE,"CNQ.TO, Long, 2024-04-07 (Price: 55.16)",2025-12-21 (Price: 43.99),"-20.25%, 1.7 year","95.45%, Past 10 years, 22","Weekly, is CONFIRMED on 2024-04-05",Already confirmed,"2025-12-23 (Price: 44.96), 18.49% below",1.7 year,No Information,No Information,No Information,No Information,No Information,10.78% below/18.49% below/18.49% below,19.11%/1.41%/7.08%,"22.31%, 71.02%",3.5 months/28 days/1.8 month,2024-09-06/2024-05-17/2024-06-24,2.78%,3.8%,-1.02%,0.61,0.23,56.3128/59.0653/64.58/No Horizontal Resistance/65.8353/68.6522/No EMA 200 Target,40.81/13.9251/48.4386/46.0303/No F-Track Level/No F-Track Level/43.33,95.21%/146/0 days (Across ALL Assets),81.88%/276/0 days (Across ALL Assets)
TRENDPULSE,"^BVSP, Long, 2023-12-31 (Price: 134185.0)",2025-12-23 (Price: 160455.8281) (Today),"19.58%, 2 years","88.89%, Past 20 years, 9","Monthly, is CONFIRMED on 2023-12-31",Already confirmed,"2025-12-23 (Price: 160455.8281), 19.58% above",2 years,No Information,No Information,No Information,No Information,No Information,26.01% above/19.58% above/19.58% above,14.35%/2.63%/9.45%,"18.7%, 34.07%",3.3 years/8.1 months/1.9 year,2028-09-15/2024-12-16/2026-09-16,6.15%,6.78%,-0.63%,0.48,0.36,148462.284/146865.4825/161963.8/No Horizontal Resistance/173653.968/192289.6/No EMA 200 Target,101882.0/90496.5/121313.6/110617.73/No F-Track Level/No F-Track Level/115493.12,95.08%/61/0 days (Across ALL Assets),80.0%/110/0 days (Across ALL Assets)
TRENDPULSE,"GILD, Long, 2022-12-31 (Price: 85.85)",2025-12-23 (Price: 125.19) (Today),"45.82%, 3 years","100.0%, Past 33 years, 7","Quarterly, is CONFIRMED on 2022-12-31",Already confirmed,"2025-12-23 (Price: 125.19), 45.82% above",3 years,No Information,No Information,No Information,No Information,No Information,102.93% above/46.83% above/45.82% above,48.53%/11.57%/42.07%,"-0.0%, 24.28%",3 years/1.5 year/2.3 years,2027-04-13/2025-02-20/2026-04-11,9.69%,12.1%,-2.41%,1.59,0.53,107.2181/121.9671/90.9/No Horizontal Resistance/123.4541/140.4376/No EMA 200 Target,58.26/56.99/75.3922/65.1312/No F-Track Level/No F-Track Level/67.59,88.89%/9/0 days (Across ALL Assets),100.0%/1/0 days (Across ALL Assets)
FRACTAL TRACK,"AAPL, Long, 2025-12-23 (Price: 272.36)",No Exit Yet,"0.0%, 0 days","100.0%, Past 45 years, 5","Quarterly, will be confirmed as valid at the end of this quarter",Signal Cancelled if Price < 169.21 prior to 2025-12-31,"2025-12-23 (Price: 272.36), 0.0% below",0 days,No Information,No Information,No Information,"38.2% (Price: 169.2862), 60.89% above, Upmove Bounce Back","2016-06-30 (Price: 22.3675), 2024-12-31 (Price: 260.1)",No Information,37.72%/33.07%/35.65%,"-0.0%, 10.93%",1 year/9.1 months/10.6 months,2027-05-28/2027-01-22/2027-03-28,12.11%,12.37%,-0.26%,1.91,0.56,390.8638/369.4563/415.0/No Horizontal Resistance/297.1089/321.9834/No EMA 200 Target,23.9/136.57/248.4166/236.3611/260.3676/243.0054/230.3,93.33%/15/0 days (Across ALL Assets),77.78%/9/0 days (Across ALL Assets)
FRACTAL TRACK,"HDB, Long, 2025-12-23 (Price: 36.28)",No Exit Yet,"0.0%, 0 days","88.89%, Past 25 years, 9","Monthly, will be confirmed as valid at the end of this month",Signal Cancelled if Price < 33.78 prior to 2025-12-31,"2025-12-23 (Price: 36.28), 0.0% below",0 days,No Information,No Information,No Information,"38.2% (Price: 34.562), 4.97% above, Upmove Bounce Back","2024-02-29 (Price: 26.08), 2025-07-31 (Price: 39.805)",No Information,26.63%/20.05%/23.77%,"32.26%, 39.31%",3.3 years/4.1 months/1.4 year,2030-09-08/2026-06-17/2027-12-21,8.78%,11.88%,-3.1%,0.83,0.59,42.0739/44.9038/44.52/39.3812/45.6752/50.9526/No EMA 200 Target,26.75/25.6925/29.7659/26.539/No support/34.266/36.02,84.62%/39/0 days (Across ALL Assets),68.29%/82/0 days (Across ALL Assets)
FRACTAL TRACK,"TCS.NS, Long, 2025-12-23 (Price: 3310.0)",No Exit Yet,"0.0%, 0 days","87.5%, Past 21 years, 8","Monthly, will be confirmed as valid at the end of this month",Signal Cancelled if Price < 2866.6001 prior to 2025-12-31,"2025-12-23 (Price: 3310.0), 0.0% below",0 days,No Information,No Information,No Information,"50% (Price: 2809.1), 17.83% above, Upmove Bounce Back","2016-11-30 (Price: 1025.95), 2024-08-31 (Price: 4592.25)",No Information,26.36%/7.31%/19.71%,"10.18%, 12.85%",1.3 year/3 months/8.3 months,2027-10-31/2026-05-02/2026-12-18,7.28%,13.73%,-6.45%,0.82,0.62,3445.71/3962.401/5449.78/4543.575/No Next Fib Ext/No Next Fib Ext/No EMA 200 Target,2888.4/2923.4601/No F-Stack Support/No F-Stack Support/3282.6562/3116.0412/3252.0,84.62%/39/0 days (Across ALL Assets),68.29%/82/0 days (Across ALL Assets)
FRACTAL TRACK,"TCEHY, Long, 2025-12-23 (Price: 77.59)",No Exit Yet,"0.0%, 0 days","92.31%, Past 18 years, 13","Weekly, will be confirmed as valid at the end of this week",Signal Cancelled if Price < 74.58 prior to 2025-12-26,"2025-12-23 (Price: 77.59), 0.0% below",0 days,No Information,No Information,No Information,"23.66% (Price: 74.7427), 3.81% above, Upmove Bounce Back","2024-02-25 (Price: 33.0), 2025-10-12 (Price: 87.68)",No Information,19.21%/15.1%/17.52%,"9.2%, 60.01%",4 years/21 days/10.7 months,2031-09-08/2026-01-22/2027-04-01,12.94%,13.58%,-0.64%,1.45,0.67,86.0706/91.1838/110.4/No Horizontal Resistance/99.3611/116.6601/No EMA 200 Target,57.4/36.36/74.5211/58.6593/70.4937/68.5057/72.16,98.94%/94/0 days (Across ALL Assets),62.9%/124/0 days (Across ALL Assets)
FRACTAL TRACK,"FPH.NZ, Long, 2025-12-23 (Price: 37.8)",No Exit Yet,"0.0%, 0 days","85.71%, Past 24 years, 7","Monthly, will be confirmed as valid at the end of this month",Signal Cancelled if Price < 34.75 prior to 2025-12-31,"2025-12-23 (Price: 37.8), 0.0% below",0 days,No Information,No Information,No Information,"23.66% (Price: 34.9549), 8.14% above, Upmove Bounce Back","2023-10-31 (Price: 20.29), 2025-01-31 (Price: 39.5)",No Information,22.73%/20.64%/21.31%,"10.15%, 45.89%",6.4 years/4 months/3.3 years,2035-02-11/2026-06-14/2030-09-08,4.68%,9.29%,-4.61%,0.75,0.49,47.1139/45.8552/49.33/39.1438/40.9296/48.5677/No EMA 200 Target,33.54/22.5167/30.9793/26.1935/35.1507/31.8879/36.33,84.62%/39/0 days (Across ALL Assets),68.29%/82/0 days (Across ALL Assets)
FRACTAL TRACK,"GNE.NZ, Long, 2025-12-23 (Price: 2.4)",No Exit Yet,"0.0%, 0 days","77.78%, Past 11 years, 9","Weekly, will be confirmed as valid at the end of this week",Signal Cancelled if Price < 2.35 prior to 2025-12-26,"2025-12-23 (Price: 2.4), 0.0% below",0 days,No Information,No Information,No Information,"38.2% (Price: 2.3652), 1.47% above, Upmove Bounce Back","2024-06-09 (Price: 2.05), 2025-10-19 (Price: 2.56)",No Information,18.96%/17.54%/18.08%,"3.54%, 29.05%",1.2 year/3.3 months/9.6 months,2027-09-09/2026-05-15/2027-02-13,8.62%,2.18%,6.44%,0.59,0.05,2.4466/2.8339/2.71/3.575/4.6908/5.9676/No EMA 200 Target,2.36/2.0733/No F-Stack Support/No F-Stack Support/No support/No support/2.34,98.94%/94/0 days (Across ALL Assets),62.9%/124/0 days (Across ALL Assets)
FRACTAL TRACK,"SUM.NZ, Long, 2025-12-23 (Price: 12.2)",No Exit Yet,"0.0%, 0 days","100.0%, Past 14 years, 4","Quarterly, will be confirmed as valid at the end of this quarter",Signal Cancelled if Price < 10.5 prior to 2025-12-31,"2025-12-23 (Price: 12.2), 0.0% below",0 days,No Information,No Information,No Information,"50% (Price: 10.74), 13.59% above, Upmove Bounce Back","2023-06-30 (Price: 8.04), 2024-12-31 (Price: 13.44)",No Information,48.88%/41.01%/44.94%,"-0.0%, 38.76%",1.3 year/1 year/1.1 year,2027-10-31/2027-05-28/2027-07-19,11.55%,11.73%,-0.18%,0.86,0.59,12.5245/17.6827/15.44/13.345/16.7981/18.5763/No EMA 200 Target,8.8/9.1367/11.1928/8.9354/12.1624/11.3772/11.41,93.33%/15/0 days (Across ALL Assets),77.78%/9/0 days (Across ALL Assets)
FRACTAL TRACK,"ATM.NZ, Long, 2025-12-23 (Price: 10.66)",No Exit Yet,"0.0%, 0 days","100.0%, Past 20 years, 11","Weekly, will be confirmed as valid at the end of this week",Signal Cancelled if Price < 9.92 prior to 2025-12-26,"2025-12-23 (Price: 10.66), 0.0% below",0 days,No Information,No Information,No Information,"23.66% (Price: 9.6935), 9.97% above, Upmove Bounce Back","2024-11-17 (Price: 5.22), 2025-11-09 (Price: 11.08)",No Information,28.57%/15.19%/20.26%,"-0.0%, 35.59%",1.4 year/7 days/4.4 months,2027-12-21/2026-01-02/2026-07-02,12.78%,17.84%,-5.06%,2.5,0.78,11.8688/12.8197/14.18/10.965/21.0083/25.9428/No EMA 200 Target,10.16/5.185/8.0863/5.0358/No support/No support/9.46,98.94%/94/0 days (Across ALL Assets),62.9%/124/0 days (Across ALL Assets)
FRACTAL TRACK,"TRI.TO, Long, 2025-12-23 (Price: 182.22)",No Exit Yet,"0.0%, 0 days","91.67%, Past 20 years, 12","Weekly, will be confirmed as valid at the end of this week",Signal Cancelled if Price < 177.0 prior to 2025-12-26,"2025-12-23 (Price: 182.22), 0.0% below",0 days,No Information,No Information,No Information,"88.6% (Price: 178.5402), 2.06% above, Upmove Bounce Back","2023-10-29 (Price: 163.01), 2025-07-20 (Price: 299.24)",No Information,17.45%/1.4%/11.27%,"1.51%, 22.04%",1.5 year/1.6 month/5.6 months,2028-02-13/2026-03-02/2026-08-23,9.55%,6.23%,3.32%,1.2,0.33,216.2223/202.7562/263.96/240.8933/308.8111/326.8654/238.69,179.89/116.89/175.5204/No support/161.3528/143.8099/No EMA 200 Support,98.94%/94/0 days (Across ALL Assets),62.9%/124/0 days (Across ALL Assets)
DELTADRIFT,"PG, Long, 2025-12-23 (Price: 143.18)",No Exit Yet,"0.0%, 0 days","100.0%, Past 15 years, 5","Weekly, will be confirmed as valid at the end of this week",Signal Cancelled if Price < nan or > 145.589 prior to 2025-12-26,"2025-12-23 (Price: 143.18), 0.0% below",0 days,No Information,No Information,No Information,No Information,No Information,No Information,9.64%/3.16%/5.41%,"0%, 10.64%",6.8 months/7 days/2 months,2026-10-14/2026-01-02/2026-03-19,7.35%,3.94%,3.41%,1.98,0.16,151.2983/150.926/151.11/179.4533/198.7009/220.9395/156.76,142.84/121.86/128.0678/119.7966/No support/134.6455/No EMA 200 Support,96.88%/32/0 days (Across ALL Assets),88.57%/105/0 days (Across ALL Assets)
DELTADRIFT,"ORCL, Long, 2025-12-23 (Price: 195.34)",No Exit Yet,"0.0%, 0 days","75.0%, Past 15 years, 4","Weekly, will be confirmed as valid at the end of this week",Signal Cancelled if Price < nan or > 200.2102 prior to 2025-12-26,"2025-12-23 (Price: 195.34), 0.0% below",0 days,No Information,No Information,No Information,No Information,No Information,No Information,13.89%/9.68%/12.2%,"20.01%, 25.53%",21 days/7 days/16 days,2026-01-22/2026-01-02/2026-01-15,5.97%,9.15%,-3.18%,0.24,0.47,261.1891/219.1715/240.18/No Horizontal Resistance/287.7444/314.8727/214.0,189.97/82.7925/140.8739/129.2165/167.408/144.722/No EMA 200 Support,96.88%/32/0 days (Across ALL Assets),88.57%/105/0 days (Across ALL Assets)
TRENDPULSE,"JPY=X, Long, 2025-12-23 (Price: 157.676)",No Exit Yet,"0.0%, 0 days","73.33%, Past 20 years, 15","Monthly, will be confirmed as valid at the end of this month",Signal Cancelled if Price < 155.887 prior to 2025-12-31,"2025-12-22 (Price: 157.676), 0.0% below",0 days,No Information,No Information,No Information,No Information,No Information,0.89% above/0.0% below/0.0% below,18.95%/3.25%/10.93%,"19.82%, 27.01%",1.1 year/5 months/9.2 months,2027-07-19/2026-07-28/2027-01-26,-1.08%,0.88%,-1.96%,0.37,-0.3,173.6486/174.91/159.48/160.2533/175.8568/187.2285/No EMA 200 Target,142.3/109.702/156.7717/138.2059/No support/No support/148.54,95.08%/61/0 days (Across ALL Assets),80.0%/110/0 days (Across ALL Assets)
TRENDPULSE,"GLD, Long, 2025-12-23 (Price: 413.64)",No Exit Yet,"0.0%, 0 days","85.19%, Past 10 years, 27","Weekly, will be confirmed as valid at the end of this week",Signal Cancelled if Price < 406.98 prior to 2025-12-26,"2025-12-23 (Price: 413.64), 0.0% below",0 days,No Information,No Information,No Information,No Information,No Information,3.66% above/1.33% above/0.0% below,8.71%/1.73%/6.03%,"3.13%, 23.93%",10.5 months/28 days/3.3 months,2027-03-24/2026-02-01/2026-05-15,4.9%,5.02%,-0.12%,1.33,0.26,440.6921/438.5825/527.09/No Horizontal Resistance/408.5544/581.2346/No EMA 200 Target,236.59/150.8/288.3021/225.9189/351.4816/313.2152/328.82,95.21%/146/0 days (Across ALL Assets),81.88%/276/0 days (Across ALL Assets)
TRENDPULSE,"SOXX, Long, 2025-12-23 (Price: 304.96)",No Exit Yet,"0.0%, 0 days","100.0%, Past 24 years, 7","Quarterly, will be confirmed as valid at the end of this quarter",Signal Cancelled if Price < 269.38 prior to 2025-12-31,"2025-12-23 (Price: 304.96), 0.0% below",0 days,No Information,No Information,No Information,No Information,No Information,0.0% below/12.6% above/0.0% below,74.51%/31.99%/47.75%,"-0.0%, 41.23%",3.3 years/1.3 year/1.9 year,2030-09-08/2027-10-31/2028-09-08,16.0%,8.74%,7.26%,0.66,0.45,406.9386/450.5784/469.52/No Horizontal Resistance/320.8469/358.5021/No EMA 200 Target,106.24/110.475/267.2317/244.4067/277.3551/252.7767/243.55,88.89%/9/0 days (Across ALL Assets),100.0%/1/0 days (Across ALL Assets)
TRENDPULSE,"^NSEI, Long, 2025-12-23 (Price: 26177.1504)",No Exit Yet,"0.0%, 0 days","100.0%, Past 10 years, 22","Weekly, will be confirmed as valid at the end of this week",Signal Cancelled if Price < 26107.0735 prior to 2025-12-26,"2025-12-23 (Price: 26177.1504), 0.0% below",0 days,No Information,No Information,No Information,No Information,No Information,0.81% above/0.0% below/0.0% below,8.4%/1.59%/4.23%,"-0.0%, 12.99%",8.6 months/1.2 month/3.3 months,2026-12-31/2026-02-13/2026-05-15,8.66%,7.17%,1.49%,1.5,0.46,27881.2829/27284.4439/31489.28/No Horizontal Resistance/31657.0022/45908.3871/No EMA 200 Target,24363.3/15428.8669/22849.1349/17405.6173/25241.664/24575.4193/24841.83,95.21%/146/0 days (Across ALL Assets),81.88%/276/0 days (Across ALL Assets)
TRENDPULSE,"GS, Long, 2025-12-23 (Price: 901.71)",No Exit Yet,"0.0%, 0 days","100.0%, Past 10 years, 14","Weekly, will be confirmed as valid at the end of this week",Signal Cancelled if Price < 896.52 prior to 2025-12-26,"2025-12-23 (Price: 901.71), 0.0% below",0 days,No Information,No Information,No Information,No Information,No Information,1.55% above/0.3% above/0.0% below,16.64%/3.18%/8.74%,"0%, 44.52%",1.5 year/1.4 month/6.1 months,2028-02-13/2026-02-21/2026-09-14,9.45%,7.78%,1.67%,2.03,0.4,924.5233/980.5195/1148.58/No Horizontal Resistance/916.0326/973.4919/No EMA 200 Target,470.81/288.555/818.1554/728.9736/732.6/617.9885/697.04,95.21%/146/0 days (Across ALL Assets),81.88%/276/0 days (Across ALL Assets)
TRENDPULSE,"INDA, Long, 2025-12-23 (Price: 54.47)",No Exit Yet,"0.0%, 0 days","76.67%, Past 10 years, 30","Weekly, will be confirmed as valid at the end of this week",Signal Cancelled if Price < 54.23 prior to 2025-12-26,"2025-12-23 (Price: 54.47), 0.0% below",0 days,No Information,No Information,No Information,No Information,No Information,0.59% above/0.0% below/0.0% below,10.1%/0.09%/5.76%,"6.79%, 39.17%",1.1 year/28 days/3.3 months,2027-07-19/2026-02-01/2026-05-15,6.03%,3.68%,2.35%,0.77,0.14,56.3438/57.6075/55.26/55.3975/60.4014/73.8934/No EMA 200 Target,53.14/39.06/52.5567/48.6731/No support/No support/53.36,95.21%/146/0 days (Across ALL Assets),81.88%/276/0 days (Across ALL Assets)
TRENDPULSE,"MAR, Long, 2025-12-23 (Price: 314.07)",No Exit Yet,"0.0%, 0 days","81.48%, Past 10 years, 27","Weekly, will be confirmed as valid at the end of this week",Signal Cancelled if Price < 310.74 prior to 2025-12-26,"2025-12-23 (Price: 314.07), 0.0% below",0 days,No Information,No Information,No Information,No Information,No Information,1.26% above/0.1% above/0.0% below,16.53%/2.51%/7.6%,"12.52%, 61.32%",10.7 months/28 days/2.5 months,2027-04-01/2026-02-01/2026-04-10,11.8%,10.04%,1.76%,0.46,0.51,360.5524/337.9393/338.57/No Horizontal Resistance/313.5051/355.3234/No EMA 200 Target,260.2/129.12/297.0775/283.8827/272.7581/245.7602/265.47,95.21%/146/0 days (Across ALL Assets),81.88%/276/0 days (Across ALL Assets)
TRENDPULSE,"WPM, Long, 2025-12-23 (Price: 122.88)",No Exit Yet,"0.0%, 0 days","84.62%, Past 10 years, 26","Weekly, will be confirmed as valid at the end of this week",Signal Cancelled if Price < 122.33 prior to 2025-12-26,"2025-12-23 (Price: 122.88), 0.0% below",0 days,No Information,No Information,No Information,No Information,No Information,2.66% above/0.0% below/0.0% below,30.46%/2.87%/10.34%,"13.4%, 61.17%",2.8 months/28 days/1.6 month,2026-04-23/2026-02-01/2026-03-02,5.32%,5.11%,0.21%,0.63,0.29,132.821/135.5858/163.12/No Horizontal Resistance/119.4321/129.2378/No EMA 200 Target,96.52/38.3375/102.4252/95.3086/101.2957/87.4536/94.25,95.21%/146/0 days (Across ALL Assets),81.88%/276/0 days (Across ALL Assets)
TRENDPULSE,"FBU.NZ, Long, 2025-12-23 (Price: 3.6)",No Exit Yet,"0.0%, 0 days","100.0%, Past 20 years, 10","Monthly, will be confirmed as valid at the end of this month",Signal Cancelled if Price < 3.28 prior to 2025-12-31,"2025-12-23 (Price: 3.6), 0.0% below",0 days,No Information,No Information,No Information,No Information,No Information,10.43% above/7.46% above/0.0% below,27.18%/11.21%/20.88%,"-0.0%, 49.28%",6.1 months/5 months/5.3 months,2026-09-14/2026-07-28/2026-08-10,5.5%,0.69%,4.81%,1.23,0.0,4.2062/4.3517/5.8/7.985/12.6329/13.7816/No EMA 200 Target,2.83/2.82/No F-Stack Support/No F-Stack Support/No support/No support/3.22,95.08%/61/0 days (Across ALL Assets),80.0%/110/0 days (Across ALL Assets)
TRENDPULSE,"MFT.NZ, Long, 2025-12-23 (Price: 68.0)",No Exit Yet,"0.0%, 0 days","92.86%, Past 20 years, 14","Monthly, will be confirmed as valid at the end of this month",Signal Cancelled if Price < 67.06 prior to 2025-12-31,"2025-12-23 (Price: 68.0), 0.0% below",0 days,No Information,No Information,No Information,No Information,No Information,0.0% below/0.0% below/0.0% below,38.76%/5.7%/13.28%,"24.41%, 40.93%",1.8 year/5 months/8.5 months,2028-07-18/2026-07-28/2026-12-27,9.96%,11.66%,-1.7%,0.82,0.67,105.4272/77.0304/68.9/85.45/101.7951/111.6887/No EMA 200 Target,55.51/55.185/65.1894/42.5658/No support/No support/63.82,95.08%/61/0 days (Across ALL Assets),80.0%/110/0 days (Across ALL Assets)
TRENDPULSE,"BDGI.TO, Long, 2025-12-23 (Price: 74.81)",No Exit Yet,"0.0%, 0 days","100.0%, Past 33 years, 6","Quarterly, will be confirmed as valid at the end of this quarter",Signal Cancelled if Price < 61.31 prior to 2025-12-31,"2025-12-23 (Price: 74.81), 0.0% below",0 days,No Information,No Information,No Information,No Information,No Information,21.88% above/0.0% below/0.0% below,227.42%/21.67%/158.83%,"-0.0%, 36.34%",1.8 year/1.3 year/1.6 year,2028-07-18/2027-10-31/2028-04-05,16.49%,8.5%,7.99%,0.7,0.42,154.3106/193.6307/100.69/No Horizontal Resistance/87.1484/97.3919/No EMA 200 Target,26.66/24.32/73.041/66.9303/68.5456/61.8935/54.78,88.89%/9/0 days (Across ALL Assets),100.0%/1/0 days (Across ALL Assets)
TRENDPULSE,"DOL.TO, Long, 2025-12-23 (Price: 204.69)",No Exit Yet,"0.0%, 0 days","100.0%, Past 10 years, 14","Weekly, will be confirmed as valid at the end of this week",Signal Cancelled if Price < 203.6331 prior to 2025-12-26,"2025-12-23 (Price: 204.69), 0.0% below",0 days,No Information,No Information,No Information,No Information,No Information,0.0% below/0.19% above/0.0% below,14.72%/3.73%/8.72%,"0%, 10.74%",4.4 months/1.2 month/1.7 month,2026-07-02/2026-02-13/2026-03-06,11.66%,19.11%,-7.45%,2.37,1.22,244.0314/222.539/211.26/No Horizontal Resistance/294.0831/455.769/No EMA 200 Target,174.88/53.2967/194.1559/132.3972/167.5471/141.4827/181.9,95.21%/146/0 days (Across ALL Assets),81.88%/276/0 days (Across ALL Assets)
TRENDPULSE,"TD.TO, Long, 2025-12-23 (Price: 128.92)",No Exit Yet,"0.0%, 0 days","90.0%, Past 10 years, 30","Weekly, will be confirmed as valid at the end of this week",Signal Cancelled if Price < 128.25 prior to 2025-12-26,"2025-12-23 (Price: 128.92), 0.0% below",0 days,No Information,No Information,No Information,No Information,No Information,2.48% above/0.0% below/0.0% below,12.32%/1.31%/6.58%,"9.57%, 31.6%",1.8 year/28 days/4.7 months,2028-07-18/2026-02-01/2026-07-15,7.49%,5.65%,1.84%,1.01,0.31,138.2667/137.4029/145.86/No Horizontal Resistance/127.7222/133.1838/No EMA 200 Target,81.05/73.6233/116.5496/105.2485/110.2041/98.5489/101.96,95.21%/146/0 days (Across ALL Assets),81.88%/276/0 days (Across ALL Assets)
TRENDPULSE,"EFA, Long, 2025-12-23 (Price: 96.29)",No Exit Yet,"0.0%, 0 days","80.0%, Past 20 years, 15","Monthly, will be confirmed as valid at the end of this month",Signal Cancelled if Price < 95.5568 prior to 2025-12-31,"2025-12-23 (Price: 96.29), 0.0% below",0 days,No Information,No Information,No Information,No Information,No Information,0.0% below/0.62% above/0.0% below,18.42%/4.43%/10.16%,"13.47%, 23.01%",1.5 year/5 months/8.9 months,2028-02-13/2026-07-28/2027-01-13,4.72%,2.4%,2.32%,0.44,0.03,108.4899/106.0731/110.56/No Horizontal Resistance/98.2071/106.1972/No EMA 200 Target,75.61/66.265/86.3568/75.1989/85.1901/77.6744/89.75,95.08%/61/0 days (Across ALL Assets),80.0%/110/0 days (Across ALL Assets)
FRACTAL TRACK,"NFLX, Short, 2025-12-23 (Price: 93.5)",No Exit Yet,"-0.0%, 0 days","100.0%, Past 23 years, 6","Quarterly, is CONFIRMED on 2025-12-23",No Cancellation Possible,"2025-12-23 (Price: 93.5), 0.0% below",0 days,No Information,No Information,No Information,"23.66% (Price: 106.2331), 11.99% below, Upmove Break Below","2022-06-30 (Price: 16.271), 2025-06-30 (Price: 134.115)",No Information,53.32%/10.52%/29.48%,"0.0%, 53.32%",3.1 months/3 months/3 months,2026-05-06/2026-05-02/2026-05-02,11.77%,5.5%,6.27%,1.3,0.88,183.6153/65.9362/22.79/34.8663/77.3488/70.5306/No EMA 200 Target,No support/34.8663/77.3488/70.5306/89.0986/75.193/No support,75.0%/4/0 days (Across ALL Assets),57.14%/14/0 days (Across ALL Assets)
FRACTAL TRACK,"SFTBY, Short, 2025-12-23 (Price: 55.64)",No Exit Yet,"-0.0%, 0 days","100.0%, Past 13 years, 4","Quarterly, was CONFIRMED on None",No Cancellation Possible,"2025-12-23 (Price: 55.64), 0.0% below",0 days,No Information,No Information,No Information,"50.0% (Price: 53.39), 4.21% above, Upmove Break Below","2022-06-30 (Price: 16.78), 2025-12-23 (Price: 90.0)",No Information,18.34%/16.72%/17.41%,"0.0%, 18.34%",3.1 months/3.1 months/3.1 months,2026-05-06/2026-05-06/2026-05-06,12.53%,5.4%,7.13%,1.47,0.38,49.9925/45.9531/11.71/16.82/48.0625/43.9946/45.4,No support/16.82/48.0625/43.9946/53.39/44.75/No EMA 200 Support,75.0%/4/0 days (Across ALL Assets),57.14%/14/0 days (Across ALL Assets)
FRACTAL TRACK,"KWEB, Short, 2025-12-23 (Price: 34.58)",No Exit Yet,"-0.0%, 0 days","85.71%, Past 12 years, 7","Monthly, was CONFIRMED on 2025-12-22",No Cancellation Possible,"2025-12-23 (Price: 34.58), 0.0% below",0 days,No Information,No Information,No Information,"38.2% (Price: 35.4633), 2.49% below, Upmove Break Below","2024-01-31 (Price: 22.68), 2025-10-31 (Price: 43.365)",No Information,10.4%/3.11%/7.13%,"19.33%, 16.82%",3.1 months/1 month/1.6 month,2026-05-06/2026-02-04/2026-03-02,5.83%,5.4%,0.43%,0.25,0.12,31.6614/32.1144/22.17/24.5062/No F-Stack Support/No F-Stack Support/No EMA 200 Target,No support/24.5062/No F-Stack Support/No F-Stack Support/No support/No support/No support,85.71%/7/0 days (Across ALL Assets),36.84%/19/0 days (Across ALL Assets)
FRACTAL TRACK,"UBER, Short, 2025-12-21 (Price: 79.31)",No Exit Yet,"-2.09%, 2 days","90.0%, Past 6 years, 10","Weekly, was CONFIRMED on 2025-12-21",Already confirmed,"2025-12-23 (Price: 80.97), 2.09% above",2 days,No Information,No Information,No Information,"23.66% (Price: 82.5663), 1.93% below, Upmove Break Below","2022-07-03 (Price: 19.895), 2025-09-28 (Price: 101.99)",No Information,11.18%/4.08%/7.12%,"16.62%, 11.18%",21 days/7 days/11 days,2026-01-20/2025-12-31/2026-01-05,12.48%,5.2%,7.28%,0.51,0.43,78.961/73.6631/30.05/34.6025/75.9736/63.3753/No EMA 200 Target,No support/34.6025/75.9736/63.3753/No F-Track Level/No F-Track Level/No support,100.0%/1/0 days (Across ALL Assets),43.75%/16/0 days (Across ALL Assets)
FRACTAL TRACK,"KWEB, Short, 2025-11-30 (Price: 37.57)",2025-12-23 (Price: 34.58) (Today),"7.96%, 23 days","85.71%, Past 12 years, 7","Monthly, was CONFIRMED on 2025-11-30",Already confirmed,"2025-12-23 (Price: 34.58), 7.96% below",23 days,No Information,No Information,No Information,"23.66% (Price: 37.1791), 6.99% below, Upmove Break Below","2022-10-31 (Price: 17.22), 2025-10-31 (Price: 43.365)",No Information,10.4%/3.11%/7.13%,"19.33%, 16.82%",3.1 months/1 month/1.6 month,2026-04-13/2026-01-12/2026-02-07,5.83%,5.4%,0.43%,0.25,0.12,34.3991/34.8913/21.88/24.5062/No F-Stack Support/No F-Stack Support/36.43,No support/24.5062/No F-Stack Support/No F-Stack Support/No F-Track Level/No F-Track Level/No EMA 200 Support,85.71%/7/0 days (Across ALL Assets),36.84%/19/0 days (Across ALL Assets)
TRENDPULSE,"PFE, Short, 2024-03-31 (Price: 27.75)",2025-12-23 (Price: 24.88) (Today),"10.34%, 1.8 year","100.0%, Past 48 years, 5","Quarterly, is CONFIRMED on 2024-03-31",Already confirmed,"2025-12-23 (Price: 24.88), 10.34% below",1.8 year,No Information,No Information,No Information,No Information,No Information,13.58% below/12.39% below/10.34% below,28.35%/7.35%/17.85%,"0.0%, 34.93%",1.7 year/1.3 year/1.5 year,2026-09-03/2026-02-06/2026-05-22,5.58%,5.5%,0.08%,0.53,0.21,25.863/22.7966/18.85/26.1058/21.508/20.5265/No EMA 200 Target,No support/26.1058/21.508/20.5265/No F-Track Level/No F-Track Level/No support,100.0%/1/0 days (Across ALL Assets),No Data (Across ALL Assets)
FRACTAL TRACK,"C6L.SI, Short, 2025-12-23 (Price: 6.36)",No Exit Yet,"-0.0%, 0 days","92.86%, Past 40 years, 14","Monthly, will be confirmed as valid at the end of this month",Signal Cancelled if Price > 7.63 prior to 2025-12-31,"2025-12-23 (Price: 6.36), 0.0% below",0 days,No Information,No Information,No Information,"78.6% (Price: 7.5813), 16.11% below, Upmove Break Below","2023-06-30 (Price: 6.44), 2024-08-31 (Price: 6.4)",No Information,13.97%/3.18%/6.42%,"3.38%, 13.97%",3.1 months/1 month/1.7 month,2026-05-06/2026-02-04/2026-03-06,8.07%,5.5%,2.57%,1.46,-0.19,5.9326/5.9517/6.34/4.7975/No F-Stack Support/No F-Stack Support/No EMA 200 Target,No support/4.7975/No F-Stack Support/No F-Stack Support/No support/No support/No support,85.71%/7/0 days (Across ALL Assets),36.84%/19/0 days (Across ALL Assets)
